12029701830
12029702479
12029700050
12029702037
12029700274
12029701716
12029702783
12029703332
12029703867
12029703939
12029700172
12029701684
12029702465
12029702062
12029702992
12029700873
12029701348
12029702949
12029702383
12029702824
12029701270
12029702233
12029703209
12029701326
12029703442
12029701003
12029701462
12029702839
12029702634
12029701247
12029702840
12029701847
12029700537
12029701546
12029703057
12029703437
12029703889
12029702474
12029700208
12029703051
12029701408
12029704059
12029701672
12029703836
12029700326
12029702103
12029703817
12029703976
12029700575
12029701216
12029700399
12029702190
12029702723
12029704026
12029701112
12029702714
12029702947
12029701815
12029703602
12029702273
12029701142
12029700876
12029703066
12029700293
12029700428
12029700318
12029700774
12029700670
12029701504
12029703341
12029702722
12029701618
12029700349
12029702476
12029703385
12029700940
12029700249
12029700261
12029702160
12029703828
12029703068
12029703237
12029703014
12029701897
12029703465
12029702309
12029700587
12029703885
12029703470
12029702773
12029702184
12029700649
12029702825
12029703195
12029703568
12029701584
12029703045
12029701537
12029701893
12029703890
12029700363
12029700344
12029702001
12029700851
12029701319
12029702615
12029703063
12029700199
12029702842
12029703674
12029702390
12029703498
12029703594
12029702496
12029701010
12029700590
12029700291
12029700390
12029700200
12029703661
12029703842
12029700135
12029702463
12029703802
12029702801
12029703271
12029700087
12029700605
12029703503
12029700598
12029701357
12029701693
12029702499
12029702541
12029701966
12029701549
12029701386
12029701240
12029703519
12029702834
12029700538
12029701842
12029702296
12029700371
12029701409
12029701427
12029701517
12029701269
12029700441
12029700613
12029702348
12029703462
12029703857
12029704073
12029703740
12029701541
12029701065
12029702295
12029703619
12029704025
12029703734
12029701563
12029701614
12029702997
12029703716
12029701765
12029702017
12029701241
12029701759
12029701770
12029704064
12029702593
12029703091
12029701850
12029703675
12029700225
12029703183
12029702586
12029700139
12029700373
12029701370
12029701379
12029702812
12029703362
12029703253
12029703941
12029701787
12029700427
12029700556
12029703372
12029703951
12029701279
12029702361
12029701289
12029701577
12029700585
12029701488
12029703113
12029701100
12029702119
12029703185
12029702792
12029702777
12029701399
12029701739
12029700352
12029701119
12029700734
12029703846
12029703504
12029700067
12029700435
12029701432
12029703772
12029702434
12029701255
12029701924
12029703701
12029703641
12029703409
12029701407
12029700337
12029701328
12029701532
12029700236
12029701659
12029702072
12029702833
12029703702
12029700241
12029702765
12029703621
12029702311
12029703581
12029701889
12029703041
12029703872
12029700392
12029703203
12029703522
12029701040
12029703848
12029702030
12029703973
12029700379
12029701153
12029701173
12029701062
12029702612
12029700193
12029704033
12029702059
12029704006
12029703084
12029701984
12029702644
12029701701
12029700013
12029703969
12029700603
12029702073
12029702829
12029701668
12029701230
12029701179
12029702953
12029701209
12029703238
12029702346
12029702246
12029700116
12029700621
12029700794
12029702325
12029700958
12029700580
12029701271
12029701958
12029700516
12029703337
12029702353
12029700035
12029701405
12029701538
12029701750
12029703826
12029703965
12029702488
12029703186
12029700723
12029703559
12029702548
12029703111
12029703862
12029703916
12029700973
12029701632
12029703004
12029700527
12029703906
12029701852
12029701527
12029700578
12029703030
12029700464
12029701434
12029700571
12029702936
12029703140
12029700949
12029704084
12029701024
12029702206
12029702906
12029700487
12029703521
12029703035
12029701082
12029703927
12029702038
12029701282
12029702308
12029701993
12029703708
12029703981
12029701165
12029701097
12029700496
12029701108
12029700152
12029700099
12029701087
12029702322
12029702752
12029703590
12029700194
12029701530
12029701702
12029701072
12029700781
12029703797
12029701243
12029703071
12029703899
12029701722
12029700606
12029703843
12029701033
12029703272
12029701094
12029700071
12029701962
12029700937
12029703206
12029700510
12029703956
12029702471
12029702500
12029703686
12029703986
12029700158
12029702122
12029702356
12029700717
12029700954
12029700971
12029700994
12029701027
12029701114
12029702790
12029703080
12029700472
12029701671
12029702885
12029703633
12029700201
12029703402
12029703260
12029701777
12029702795
12029703634
12029703768
12029703878
12029704070
12029701368
12029701907
12029702410
12029702449
12029702667
12029701077
12029703724
12029701109
12029701202
12029702406
12029703484
12029702633
12029703859
12029702064
12029701304
12029703920
12029703190
12029702193
12029704042
12029702469
12029704007
12029701903
12029702563
12029702598
12029700665
12029701980
12029702402
12029701066
12029703275
12029701175
12029701807
12029700969
12029702515
12029701694
12029702653
12029700202
12029702090
12029701820
12029703242
12029702239
12029702510
12029700965
12029704046
12029700863
12029700267
12029702776
12029702045
12029701946
12029701248
12029700645
12029700454
12029702470
12029701670
12029702590
12029702768
12029700997
12029701170
12029701133
12029702145
12029702902
12029702931
12029703360
12029703827
12029702557
12029703404
12029702068
12029701195
12029703400
12029702867
12029702796
12029702877
12029703199
12029702396
12029703922
12029703752
12029701548
12029704043
12029702864
12029702262
12029702266
12029702533
12029700926
12029700828
12029702215
12029702747
12029703585
12029701456
12029701630
12029700763
12029703784
12029703536
12029702416
12029702806
12029703729
12029703566
12029702830
12029700070
12029700395
12029703731
12029701806
12029701337
12029703244
12029700536
12029702397
12029702549
12029704041
12029701986
12029702131
12029701536
12029700370
12029703545
12029702973
12029700689
12029701914
12029700733
12029701574
12029701994
12029703874
12029703214
12029701711
12029701251
12029700233
12029703138
12029703863
12029700128
12029702102
12029702542
12029700813
12029702026
12029703412
12029703158
12029700490
12029701776
12029702050
12029703026
12029702995
12029704067
12029701523
12029700322
12029702512
12029700773
12029700524
12029702359
12029701721
12029703694
12029700801
12029702457
12029702884
12029700467
12029704018
12029700854
12029700195
12029701578
12029701664
12029702132
12029701168
12029702250
12029702411
12029701129
12029702228
12029700094
12029701258
12029700628
12029701294
12029701828
12029701895
12029703320
12029703683
12029701034
12029700221
12029700369
12029702198
12029700160
12029700353
12029700222
12029701572
12029702894
12029702967
12029700820
12029702697
12029701058
12029702519
12029702991
12029701447
12029702389
12029700660
12029702417
12029703180
12029703269
12029703420
12029703544
12029703439
12029702245
12029701124
12029704078
12029702835
12029703576
12029700239
12029702478
12029700068
12029702689
12029703414
12029704024
12029703717
12029701472
12029703668
12029702349
12029700643
12029702376
12029702386
12029700635
12029702819
12029703897
12029702682
12029700185
12029701402
12029700093
12029701159
12029701832
12029701136
12029702937
12029703534
12029703787
12029701622
12029701873
12029702275
12029700386
12029700846
12029702803
12029703652
12029700259
12029702762
12029701051
12029701076
12029700347
12029701134
12029702034
12029700983
12029702875
12029702520
12029700130
12029701006
12029701371
12029701717
12029702413
12029700814
12029703599
12029703374
12029700228
12029700720
12029704002
12029701008
12029703806
12029703434
12029701734
12029700545
12029701790
12029701688
12029700824
12029700718
12029700305
12029700044
12029703188
12029701657
12029701853
12029701262
12029702616
12029701359
12029702204
12029703982
12029704062
12029703001
12029703058
12029701894
12029702355
12029702537
12029703763
12029702199
12029703294
12029700845
12029700547
12029702256
12029701652
12029703110
12029703758
12029703901
12029703162
12029701465
12029700823
12029702690
12029700216
12029701285
12029703512
12029703265
12029701845
12029700751
12029700207
12029700653
12029701569
12029703264
12029703653
12029702143
12029701641
12029702191
12029700314
12029702177
12029702540
12029701837
12029700245
12029701985
12029700493
12029701484
12029701000
12029700256
12029700709
12029701642
12029702117
12029701446
12029701689
12029703690
12029702211
12029702201
12029702367
12029701824
12029701182
12029701669
12029701566
12029702066
12029702761
12029702886
12029701329
12029703354
12029701648
12029703296
12029703766
12029701383
12029700546
12029702427
12029701692
12029702340
12029701970
12029700374
12029701479
12029702643
12029702576
12029702968
12029701588
12029701864
12029704057
12029702054
12029701367
12029703039
12029700485
12029701266
12029703184
12029703201
12029703394
12029700270
12029700754
12029700864
12029700882
12029700748
12029701620
12029700356
12029700150
12029703134
12029701378
12029703104
12029700521
12029704017
12029701495
12029703745
12029701587
12029703145
12029702283
12029700936
12029701449
12029702734
12029700211
12029701275
12029700967
12029700986
12029702154
12029702771
12029703233
12029703755
12029703150
12029704003
12029701350
12029703888
12029702293
12029703422
12029703181
12029702821
12029702813
12029701639
12029701965
12029703584
12029703198
12029703869
12029702194
12029702460
12029700811
12029700320
12029701602
12029702547
12029702862
12029701474
12029701019
12029703934
12029703909
12029701821
12029702698
12029701307
12029702344
12029700417
12029702980
12029701712
12029703626
12029704044
12029702596
12029700034
12029702003
12029701199
12029702730
12029700285
12029700258
12029701257
12029701917
12029701217
12029702392
12029700543
12029702600
12029703290
12029703809
12029703815
12029702609
12029703617
12029700240
12029703062
12029703208
12029702523
12029700436
12029702561
12029700015
12029703146
12029700083
12029701190
12029701131
12029703450
12029703475
12029701390
12029702495
12029702871
12029703268
12029703468
12029701198
12029700191
12029703055
12029700572
12029700668
12029700518
12029701919
12029700032
12029700154
12029703092
12029700262
12029702429
12029702105
12029701921
12029700633
12029702015
12029703742
12029701423
12029700364
12029700772
12029701687
12029701938
12029702703
12029702811
12029703153
12029700101
12029703126
12029702693
12029703423
12029703491
12029703627
12029701665
12029702216
12029700874
12029700622
12029701314
12029701540
12029700830
12029703748
12029703356
12029701520
12029701166
12029703433
12029703756
12029700292
12029703129
12029704029
12029701773
12029701838
12029703355
12029702550
12029701090
12029700025
12029701459
12029700484
12029701814
12029703525
12029700691
12029703538
12029703988
12029700397
12029700860
12029700838
12029701403
12029701871
12029701505
12029702326
12029700037
12029700102
12029701277
12029702854
12029700077
12029702454
12029700641
12029700716
12029701249
12029701744
12029701208
12029701819
12029700787
12029700981
12029701273
12029703861
12029700357
12029700215
12029701193
12029702544
12029702152
12029700913
12029702706
12029703101
12029703887
12029703255
12029703494
12029701679
12029702571
12029701353
12029703318
12029702799
12029701656
12029703757
12029702786
12029703789
12029701621
12029701391
12029701429
12029700127
12029703794
12029700699
12029703776
12029701834
12029700758
12029700482
12029702870
12029700095
12029702785
12029703228
12029701375
12029703883
12029702079
12029703738
12029703364
12029702433
12029700542
12029703220
12029702498
12029700819
12029703454
12029702878
12029702708
12029701595
12029701764
12029701491
12029701886
12029703018
12029700264
12029701644
12029701801
12029701123
12029700735
12029701796
12029702161
12029702179
12029702912
12029700835
12029701691
12029700783
12029701738
12029702049
12029700982
12029703102
12029702269
12029703610
12029700205
12029702319
12029701874
12029700900
12029702317
12029701767
12029702856
12029703382
12029701508
12029702848
12029701952
12029703358
12029700313
12029703579
12029701616
12029702624
12029701308
12029700771
12029701908
12029700932
12029701335
12029703088
12029703540
12029702990
12029702823
12029703230
12029701274
12029703221
12029701397
12029703273
12029703295
12029702855
12029702169
12029700985
12029704036
12029703135
12029701154
12029702445
12029701735
12029700887
12029700914
12029703359
12029701477
12029703910
12029701741
12029702539
12029700104
12029701197
12029701215
12029700080
12029700132
12029701099
12029704001
12029701149
12029701518
12029700746
12029701974
12029700343
12029700169
12029702538
12029702116
12029701775
12029700375
12029703548
12029702020
12029702255
12029702426
12029702802
12029700807
12029700377
12029700567
12029703213
12029701394
12029703334
12029702787
12029702307
12029703712
12029702261
12029702872
12029703446
12029700246
12029700631
12029702668
12029702743
12029703379
12029702742
12029704012
12029700416
12029700376
12029701592
12029701746
12029702774
12029701969
12029703812
12029701778
12029700767
12029702620
12029703705
12029702941
12029700247
12029700688
12029701964
12029702661
12029700311
12029703139
12029700507
12029703428
12029701747
12029701667
12029703479
12029703791
12029703971
12029703999
12029701646
12029702591
12029700173
12029701991
12029703808
12029702014
12029702010
12029701825
12029703894
12029700338
12029701748
12029702423
12029703169
12029701511
12029703007
12029702981
12029701001
12029702365
12029703596
12029701297
12029700420
12029702613
12029702729
12029703393
12029702174
12029700815
12029701221
12029701619
12029702735
12029701443
12029700998
12029703227
12029703964
12029703239
12029703254
12029702744
12029701827
12029701023
12029703270
12029703274
12029701769
12029702267
12029701651
12029701482
12029702589
12029702769
12029703178
12029703877
12029703837
12029700419
12029703834
12029702040
12029700740
12029702570
12029702788
12029701245
12029702753
12029703759
12029703212
12029700928
12029703029
12029700679
12029701177
12029700504
12029701912
12029702913
12029702962
12029701476
12029703283
12029703850
12029700551
12029700431
12029702111
12029703560
12029700381
12029703767
12029703032
12029701851
12029700821
12029701898
12029702350
12029700765
12029703249
12029700004
12029700103
12029702628
12029701115
12029700617
12029700425
12029702336
12029702334
12029702987
12029703539
12029703553
12029701192
12029701968
12029700589
12029702183
12029703267
12029701473
12029701226
12029701709
12029700043
12029703047
12029701463
12029701092
12029702214
12029700220
12029701007
12029702298
12029702253
12029701793
12029701120
12029702760
12029700006
12029701316
12029700278
12029701238
12029702873
12029703860
12029700315
12029702277
12029702976
12029702890
12029701594
12029703907
12029700121
12029702128
12029703455
12029703172
12029701808
12029703303
12029700108
12029703429
12029703753
12029701309
12029702614
12029700509
12029702950
12029701959
12029701102
12029701260
12029701502
12029702431
12029700737
12029703312
12029703680
12029701674
12029703771
12029703925
12029702900
12029701609
12029701610
12029703715
12029700196
12029704072
12029701296
12029700676
12029701867
12029700792
12029702951
12029703460
12029702982
12029702007
12029702908
12029702247
12029702067
12029702089
12029702244
12029702979
12029703349
12029701624
12029704054
12029702657
12029702861
12029701122
12029704082
12029700342
12029700178
12029700089
12029702108
12029703573
12029700408
12029703746
12029701909
12029700301
12029700702
12029700844
12029702568
12029703054
12029700988
12029700404
12029700418
12029702368
12029703171
12029701481
12029701406
12029703070
12029700164
12029700057
12029700151
12029700383
12029701573
12029703643
12029703034
12029704020
12029701981
12029701178
12029702772
12029701101
12029703996
12029701338
12029701513
12029702137
12029700577
12029701708
12029701158
12029702087
12029703167
12029703959
12029703605
12029702602
12029703656
12029701760
12029703810
12029701011
12029701509
12029703625
12029701704
12029702780
12029703087
12029700297
12029704004
12029700951
12029701111
12029700155
12029702155
12029701553
12029701059
12029700499
12029700049
12029702237
12029701143
12029702083
12029700952
12029702114
12029701116
12029700743
12029701028
12029702551
12029703618
12029703346
12029701361
12029701049
12029701623
12029703100
12029700168
12029701686
12029703803
12029701110
12029701464
12029700991
12029700090
12029701675
12029703972
12029703083
12029703192
12029700398
12029703980
12029702974
12029703027
12029700657
12029701222
12029701995
12029700052
12029703052
12029703095
12029703790
12029701085
12029701782
12029701942
12029701137
12029700786
12029703962
12029701047
12029703258
12029702220
12029700847
12029702306
12029703855
12029703713
12029704058
12029702345
12029702222
12029702688
12029703352
12029701818
12029700074
12029702107
12029701780
12029702258
12029703688
12029700492
12029703154
12029702567
12029700061
12029702225
12029700331
12029701972
12029701152
12029700148
12029700583
12029700671
12029700950
12029702053
12029702685
12029700212
12029701916
12029702156
12029702438
12029701252
12029703282
12029703943
12029700290
12029703997
12029700970
12029701923
12029703200
12029703236
12029702024
12029701983
12029702491
12029701557
12029700451
12029702728
12029701184
12029701703
12029702507
12029703813
12029703948
12029701753
12029700968
12029700302
12029702419
12029703856
12029703935
12029701663
12029703795
12029703805
12029702070
12029700073
12029700456
12029701312
12029704049
12029700646
12029700666
12029700909
12029702764
12029702849
12029703840
12029702197
12029703562
12029702196
12029700541
12029703531
12029701943
12029704045
12029700725
12029700076
12029700206
12029701259
12029701283
12029701561
12029702291
12029702694
12029700271
12029702071
12029702928
12029701471
12029701992
12029702085
12029700488
12029702455
12029701951
12029703481
12029701451
12029700384
12029701231
12029700111
12029700564
12029701635
12029703699
12029702607
12029701615
12029700871
12029701458
12029703919
12029702732
12029702493
12029702558
12029700176
12029703021
12029703732
12029700234
12029701421
12029701534
12029703378
12029702859
12029701978
12029702121
12029702710
12029703363
12029700756
12029701381
12029700063
12029701439
12029700217
12029700422
12029703849
12029703992
12029700469
12029700388
12029702477
12029700387
12029700648
12029700712
12029702100
12029702221
12029703606
12029700788
12029702302
12029700183
12029700636
12029702303
12029703193
12029703611
12029701103
12029701628
12029702148
12029702970
12029701575
12029703240
12029700870
12029701880
12029702630
12029704056
12029703864
12029701083
12029701435
12029701358
12029700086
12029700650
12029701514
12029702127
12029700209
12029702535
12029701661
12029701172
12029703390
12029703835
12029703211
12029700934
12029701235
12029701416
12029701029
12029702517
12029703065
12029701836
12029703307
12029702555
12029701756
12029700406
12029702579
12029700263
12029703391
12029700306
12029702041
12029702202
12029702739
12029701306
12029701176
12029700675
12029703136
12029703005
12029703520
12029700339
12029703256
12029702432
12029701330
12029702120
12029702446
12029700894
12029703248
12029702212
12029700678
12029703357
12029700741
12029702254
12029700106
12029702800
12029700966
12029700652
12029702279
12029703216
12029701041
12029700287
12029700831
12029703306
12029702002
12029702404
12029703376
12029703036
12029701877
12029701934
12029703457
12029703177
12029700996
12029701718
12029703749
12029700885
12029701498
12029700752
12029701890
12029702818
12029702898
12029700570
12029703685
12029701544
12029702716
12029702240
12029700884
12029700253
12029703120
12029703799
12029701171
12029700686
12029701751
12029700963
12029702162
12029703804
12029700626
12029702511
12029701681
12029704028
12029703775
12029703515
12029700096
12029701185
12029702422
12029702695
12029700899
12029700999
12029700203
12029701843
12029702294
12029703458
12029700836
12029701424
12029701812
12029702956
12029701783
12029700112
12029700925
12029702966
12029701690
12029703353
12029703365
12029700062
12029703905
12029700711
12029701167
12029701598
12029703546
12029702098
12029700494
12029700186
12029700861
12029702525
12029702632
12029702687
12029702899
12029703017
12029700620
12029700562
12029700879
12029703497
12029700452
12029703825
12029700033
12029703482
12029702961
12029700355
12029700904
12029703993
12029700629
12029701564
12029702251
12029703262
12029702810
12029701585
12029701043
12029701213
12029703225
12029703311
12029700611
12029702129
12029700115
12029702927
12029702333
12029703946
12029703994
12029701768
12029700443
12029702377
12029701242
12029702996
12029703339
12029700906
12029700881
12029701700
12029700445
12029702021
12029702922
12029702637
12029703435
12029700296
12029702575
12029702896
12029701625
12029700065
12029703687
12029700466
12029703676
12029703009
12029700479
12029704011
12029700042
12029700674
12029701528
12029703285
12029702554
12029702442
12029704019
12029700705
12029701795
12029700687
12029700933
12029700732
12029701545
12029700284
12029702654
12029702713
12029703369
12029701204
12029703858
12029700268
12029704081
12029701200
12029701140
12029701976
12029703037
12029700125
12029700460
12029701499
12029700189
12029702797
12029700391
12029703811
12029703936
12029700497
12029701219
12029701395
12029701990
12029702782
12029703612
12029703693
12029703945
12029704038
12029703657
12029702381
12029703703
12029700055
12029703449
12029700802
12029701325
12029703873
12029702462
12029703882
12029702874
12029702763
12029701093
12029704013
12029701593
12029703801
12029700040
12029701410
12029700762
12029700325
12029700180
12029701420
12029702385
12029703298
12029701385
12029703366
12029703556
12029701956
12029700619
12029703954
12029701869
12029702566
12029700929
12029700987
12029702200
12029703640
12029702971
12029703451
12029700663
12029701118
12029702584
12029703473
12029703381
12029702700
12029703086
12029700144
12029703914
12029703502
12029701531
12029702436
12029700140
12029701161
12029700942
12029703586
12029700143
12029702188
12029700912
12029700808
12029703330
12029703983
12029703020
12029702926
12029703024
12029703509
12029703537
12029702843
12029702343
12029703786
12029700842
12029700405
12029703175
12029702055
12029700053
12029700223
12029700181
12029703796
12029700902
12029701467
12029701655
12029700593
12029701412
12029703006
12029703714
12029702364
12029703884
12029700599
12029702337
12029701156
12029701417
12029703524
12029702141
12029700588
12029703205
12029700017
12029702008
12029702051
12029700423
12029701261
12029703704
12029703395
12029703510
12029703231
12029700232
12029702061
12029703695
12029704021
12029700440
12029700526
12029703762
12029703079
12029703489
12029701088
12029700600
12029701191
12029702451
12029700557
12029702638
12029702736
12029703174
12029701654
12029700273
12029702482
12029701478
12029700553
12029702412
12029703655
12029700573
12029701835
12029703508
12029700796
12029701180
12029702597
12029700827
12029702641
12029702373
12029702759
12029703984
12029702766
12029703367
12029702943
12029702725
12029700661
12029702342
12029702031
12029702888
12029702379
12029702175
12029702153
12029702514
12029702658
12029703280
12029700350
12029702268
12029702686
12029702993
12029700822
12029700766
12029700238
12029701715
12029703488
12029702642
12029704035
12029701617
12029703507
12029700361
12029702704
12029702304
12029703293
12029703563
12029703595
12029700856
12029702173
12029703526
12029703671
12029703499
12029703257
12029700348
12029702052
12029703159
12029702182
12029703635
12029703900
12029703436
12029701354
12029702964
12029700753
12029700118
12029701436
12029703335
12029702702
12029700878
12029700744
12029701263
12029701781
12029701280
12029701788
12029703616
12029701068
12029703392
12029703292
12029700644
12029703506
12029703737
12029701948
12029703937
12029701227
12029700097
12029701603
12029701196
12029702798
12029701526
12029703067
12029700852
12029700708
12029701522
12029702176
12029702278
12029703773
12029701457
12029702562
12029701012
12029702905
12029700935
12029703496
12029700692
12029700777
12029701697
12029702005
12029700295
12029701849
12029701766
12029700182
12029703719
12029702944
12029700336
12029703107
12029703649
12029703647
12029700866
12029702581
12029701320
12029701740
12029703516
12029703677
12029703386
12029702784
12029700107
12029702401
12029703229
12029701752
12029701334
12029704000
12029701246
12029700693
12029700064
12029703571
12029702754
12029701774
12029702329
12029701590
12029702136
12029702559
12029702144
12029702230
12029702721
12029702172
12029702487
12029701151
12029703541
12029702655
12029701866
12029701364
12029700634
12029700389
12029700131
12029700931
12029702259
12029700437
12029702578
12029702665
12029702755
12029701080
12029701056
12029701804
12029702272
12029701607
12029703103
12029703830
12029702866
12029702582
12029700710
12029702904
12029703046
12029701310
12029703904
12029702791
12029701144
12029702847
12029702006
12029702651
12029700728
12029702737
12029700768
12029701829
12029700829
12029701876
12029703287
12029702838
12029700703
12029700324
12029700316
12029702065
12029701441
12029700430
12029700684
12029700529
12029702036
12029700124
12029701831
12029702185
12029703441
12029703456
12029703224
12029701317
12029700214
12029702948
12029703839
12029703953
12029701928
12029701839
12029701870
12029700237
12029701570
12029704037
12029701387
12029700166
12029700341
12029700465
12029701031
12029701510
12029700608
12029700919
12029702209
12029702400
12029702701
12029703380
12029700018
12029703476
12029703891
12029703977
12029702594
12029700616
12029703564
12029701920
12029701542
12029701633
12029700319
12029703155
12029703480
12029700561
12029701487
12029703408
12029700804
12029701224
12029702147
12029703816
12029703841
12029700943
12029700654
12029703173
12029703166
12029702142
12029700346
12029702420
12029700901
12029703347
12029700961
12029701485
12029702611
12029701490
12029701758
12029700883
12029703421
12029700309
12029703865
12029703689
12029703681
12029701341
12029703697
12029702733
12029702869
12029700351
12029703513
12029700299
12029700179
12029700531
12029700161
12029702588
12029703333
12029703832
12029702775
12029703574
12029700726
12029700188
12029700517
12029703016
12029700530
12029700880
12029701232
12029700946
12029703593
12029700731
12029701480
12029701660
12029700858
12029703898
12029704034
12029703591
12029702374
12029700056
12029700254
12029703259
12029700739
12029702403
12029700582
12029701044
12029701947
12029702648
12029701091
12029703370
12029703383
12029702822
12029703777
12029700265
12029702649
12029703133
12029701017
12029702398
12029700745
12029701032
12029701771
12029703419
12029703629
12029701911
12029701225
12029702531
12029703281
12029700028
12029701250
12029700075
12029703726
12029704047
12029702187
12029701454
12029704083
12029701555
12029701597
12029702130
12029703589
12029703720
12029703042
12029702663
12029700785
12029700977
12029703059
12029704065
12029702170
12029702858
12029700023
12029700910
12029701060
12029701356
12029701374
12029700898
12029700841
12029700084
12029702076
12029700000
12029702756
12029703194
12029700534
12029700682
12029702504
12029700701
12029702920
12029702509
12029700449
12029700964
12029703644
12029702372
12029700184
12029703048
12029703340
12029701147
12029701891
12029702587
12029703132
12029703342
12029703163
12029701264
12029703165
12029703642
12029702610
12029700162
12029703854
12029700009
12029700109
12029702528
12029701742
12029700651
12029701576
12029700333
12029700243
12029701728
12029700980
12029702165
12029700927
12029702466
12029702683
12029703375
12029702234
12029701363
12029703792
12029703398
12029702159
12029701053
12029702004
12029703511
12029701346
12029701413
12029700508
12029700637
12029702692
12029702978
12029701014
12029701629
12029703286
12029702709
12029702467
12029701291
12029703299
12029700849
12029703558
12029703886
12029700850
12029703426
12029701389
12029701935
12029703438
12029702166
12029700091
12029701311
12029701730
12029704080
12029702009
12029703301
12029701332
12029700548
12029703630
12029703452
12029702946
12029703288
12029701810
12029700007
12029700696
12029702360
12029703011
12029703117
12029702707
12029702882
12029702794
12029700478
12029700506
12029700948
12029703401
12029701146
12029704068
12029701547
12029702388
12029701057
12029700400
12029703670
12029701809
12029700248
12029704074
12029700915
12029701932
12029702032
12029700597
12029700382
12029703064
12029701925
12029702952
12029703112
12029700481
12029703447
12029701706
12029702418
12029703547
12029700251
12029701483
12029702816
12029702274
12029703308
12029701145
12029701181
12029703331
12029700385
12029702012
12029703191
12029702271
12029703987
12029703490
12029701070
12029703823
12029702366
12029701444
12029703121
12029702640
12029701743
12029700921
12029702158
12029702681
12029702969
12029702481
12029702506
12029700602
12029700012
12029700038
12029701372
12029702789
12029700938
12029703921
12029701755
12029702288
12029702532
12029702565
12029701038
12029701460
12029700444
12029703975
12029700304
12029701589
12029700888
12029701105
12029700307
12029703443
12029701941
12029702362
12029703445
12029703471
12029701805
12029703061
12029702526
12029700026
12029700877
12029703467
12029701757
12029702897
12029703461
12029701253
12029701382
12029702218
12029700989
12029702242
12029703814
12029702106
12029702656
12029700853
12029702042
12029701452
12029703844
12029704079
12029703691
12029701862
12029700903
12029702817
12029701036
12029701355
12029701583
12029701554
12029703523
12029702745
12029703663
12029701020
12029703604
12029702227
12029702958
12029703187
12029701497
12029700749
12029703876
12029700632
12029701794
12029702219
12029701098
12029702895
12029700468
12029701558
12029702075
12029701833
12029702082
12029703122
12029702405
12029703623
12029702809
12029700891
12029703743
12029700618
12029703985
12029701868
12029700378
12029700519
12029701882
12029703875
12029701295
12029701336
12029701234
12029703998
12029701608
12029702424
12029701915
12029702938
12029704031
12029700210
12029701239
12029703109
12029702352
12029704048
12029701281
12029700060
12029700345
12029702879
12029702726
12029703769
12029701380
12029701039
12029701736
12029700426
12029702807
12029702929
12029703210
12029701906
12029702957
12029700782
12029700283
12029700461
12029700890
12029703915
12029701393
12029700354
12029700394
12029700962
12029701046
12029702013
12029703344
12029702115
12029703960
12029700039
12029702679
12029701492
12029702988
12029700800
12029702804
12029703003
12029700473
12029700523
12029700848
12029703774
12029700317
12029703587
12029702645
12029701155
12029700500
12029700672
12029701521
12029703654
12029701201
12029700136
12029700859
12029700072
12029702529
12029702077
12029701802
12029700501
12029700008
12029701998
12029701324
12029700133
12029703223
12029701529
12029703645
12029700167
12029703123
12029700639
12029700642
12029702639
12029700525
12029700868
12029701960
12029702124
12029702459
12029700729
12029701438
12029702664
12029703483
12029703108
12029700126
12029703637
12029703008
12029702217
12029703957
12029703991
12029703788
12029703678
12029701004
12029703893
12029702876
12029700995
12029700282
12029702164
12029702229
12029700976
12029702583
12029702678
12029701937
12029703266
12029700604
12029700658
12029704051
12029703879
12029700677
12029701086
12029701586
12029700905
12029701055
12029702901
12029703099
12029701392
12029700286
12029702556
12029703820
12029700415
12029700875
12029701187
12029701989
12029700889
12029702915
12029703279
12029702011
12029702516
12029702945
12029700303
12029700335
12029700174
12029703770
12029701901
12029700328
12029700721
12029701885
12029702815
12029702236
12029701519
12029703718
12029700667
12029701018
12029702536
12029700198
12029702480
12029701096
12029702627
12029700227
12029701841
12029701999
12029702553
12029703073
12029700727
12029700867
12029701030
12029703459
12029701360
12029702837
12029700163
12029700462
12029701858
12029701881
12029701515
12029701683
12029700045
12029701025
12029702186
12029703577
12029703530
12029703639
12029702149
12029702930
12029700321
12029703807
12029702357
12029702407
12029701888
12029703351
12029701525
12029700922
12029701138
12029702626
12029702028
12029701713
12029703929
12029701763
12029703474
12029701349
12029701313
12029700288
12029703413
12029700250
12029700409
12029700895
12029701339
12029700300
12029701054
12029700770
12029700957
12029702375
12029702684
12029702857
12029703247
12029703345
12029701800
12029701650
12029702414
12029703926
12029703658
12029701723
12029700610
12029700855
12029700907
12029701267
12029701581
12029703411
12029703518
12029702513
12029702933
12029703868
12029701078
12029701203
12029702672
12029700581
12029701516
12029700113
12029702252
12029700920
12029702241
12029701797
12029703410
12029701207
12029700779
12029702223
12029703709
12029701022
12029701939
12029702636
12029700272
12029703979
12029701944
12029701005
12029702415
12029702297
12029701437
12029700659
12029700939
12029703866
12029702452
12029702670
12029703189
12029702911
12029700839
12029700956
12029700117
12029702719
12029703323
12029701645
12029702841
12029700664
12029701468
12029704027
12029700213
12029701125
12029703601
12029702134
12029703528
12029700244
12029700539
12029702324
12029700298
12029702461
12029701884
12029702560
12029702965
12029703838
12029700559
12029700110
12029700170
12029703569
12029702260
12029703667
12029702865
12029701565
12029701817
12029701865
12029703324
12029703696
12029702472
12029700016
12029703350
12029701286
12029703636
12029703829
12029703895
12029703933
12029701883
12029703060
12029702619
12029702715
12029701733
12029701016
12029702301
12029701496
12029701130
12029702282
12029701489
12029700366
12029701710
12029702883
12029703727
12029703682
12029700442
12029703222
12029702934
12029703549
12029702029
12029701878
12029701169
12029700704
12029702224
12029700730
12029700477
12029703557
12029701754
12029700019
12029700715
12029703527
12029702954
12029703692
12029700795
12029703302
12029702110
12029702104
12029703892
12029703913
12029702043
12029702603
12029700669
12029701013
12029700818
12029701647
12029701745
12029702666
12029703263
12029700560
12029702741
12029703182
12029701705
12029702605
12029703310
12029700159
12029702095
12029701331
12029700565
12029702399
12029703322
12029702502
12029700047
12029703106
12029701784
12029702505
12029701571
12029700141
12029703338
12029702518
12029702916
12029701351
12029701803
12029703944
12029700281
12029702339
12029703800
12029703388
12029701141
12029702091
12029702989
12029703245
12029701186
12029700535
12029701910
12029702717
12029703326
12029703779
12029703444
12029703397
12029703821
12029702035
12029703495
12029703493
12029703417
12029700563
12029700698
12029700171
12029700615
12029704063
12029701673
12029700360
12029702998
12029703672
12029700812
12029701905
12029702437
12029702675
12029700917
12029702751
12029700862
12029702826
12029703798
12029700137
12029703309
12029700584
12029700742
12029701887
12029700793
12029702435
12029702430
12029702192
12029702248
12029700780
12029702910
12029700022
12029701411
12029700769
12029700312
12029702097
12029703284
12029702738
12029702232
12029703918
12029702180
12029703852
12029703723
12029704071
12029702086
12029700218
12029702994
12029700892
12029701732
12029700001
12029702286
12029700358
12029701605
12029700614
12029703961
12029702696
12029704023
12029702289
12029700156
12029702101
12029702453
12029700294
12029700955
12029701377
12029702048
12029702157
12029701731
12029700197
12029700463
12029703485
12029702448
12029703415
12029702440
12029703156
12029703598
12029702608
12029700332
12029701501
12029700992
12029703529
12029700327
12029701276
12029700993
12029702133
12029702889
12029701727
12029703833
12029700972
12029700540
12029700134
12029701164
12029703217
12029701015
12029702674
12029703219
12029704022
12029702265
12029702543
12029702914
12029703241
12029700046
12029700750
12029703089
12029701284
12029701299
12029701987
12029702167
12029701931
12029700289
12029702208
12029703597
12029701596
12029701955
12029703300
12029703631
12029702975
12029702844
12029703000
12029703592
12029701042
12029703348
12029702660
12029700059
12029700255
12029702063
12029701682
12029701396
12029702527
12029703870
12029700242
12029703492
12029703781
12029702778
12029703659
12029700323
12029701855
12029701707
12029701977
12029700269
12029703535
12029700149
12029700145
12029700005
12029702464
12029700421
12029704052
12029700433
12029702178
12029702808
12029703204
12029703651
12029703407
12029700085
12029702880
12029700662
12029703940
12029702213
12029700470
12029700558
12029701401
12029702907
12029700453
12029702746
12029702092
12029702140
12029703304
12029702942
12029702135
12029700719
12029700024
12029700475
12029700165
12029703622
12029701696
12029701469
12029700362
12029702521
12029702758
12029700257
12029703143
12029700031
12029700843
12029703261
12029702044
12029703277
12029702483
12029702450
12029700655
12029703406
12029702126
12029700276
12029700764
12029702382
12029703082
12029701210
12029703278
12029703615
12029703845
12029701347
12029701737
12029703028
12029701677
12029701127
12029703118
12029703665
12029700252
12029701095
12029702109
12029703501
12029700707
12029701638
12029703235
12029701064
12029701601
12029703624
12029702727
12029700069
12029701680
12029700051
12029701388
12029700054
12029700412
12029702545
12029701400
12029702585
12029703761
12029701132
12029701344
12029702280
12029701599
12029702577
12029703550
12029703896
12029703923
12029700714
12029703818
12029701779
12029701418
12029701789
12029703105
12029701303
12029702805
12029703440
12029700826
12029702881
12029702921
12029702354
12029700607
12029700624
12029702408
12029701979
12029703710
12029703151
12029702767
12029702925
12029701945
12029702369
12029703002
12029702358
12029703466
12029702940
12029703472
12029703130
12029701899
12029701045
12029700697
12029703664
12029703243
12029703116
12029700277
12029703176
12029703317
12029700380
12029701121
12029702285
12029700229
12029703197
12029702647
12029701419
12029700020
12029703949
12029700438
12029702853
12029702652
12029701971
12029702046
12029704053
12029701373
12029702025
12029700810
12029701073
12029700511
12029701223
12029702486
12029700803
12029703782
12029702305
12029701539
12029704016
12029701975
12029702263
12029700514
12029700825
12029703430
12029702150
12029702489
12029702320
12029702409
12029701857
12029700840
12029703179
12029701749
12029702832
12029701229
12029703570
12029701287
12029701879
12029700088
12029700591
12029701162
12029701205
12029700048
12029700656
12029702210
12029700138
12029700566
12029703075
12029703514
12029703463
12029700757
12029700512
12029700030
12029702831
12029703090
12029703215
12029701366
12029704075
12029701856
12029702918
12029703575
12029701627
12029701786
12029703043
12029703970
12029703819
12029701600
12029702868
12029703673
12029702836
12029703384
12029703469
12029703978
12029703377
12029703730
12029700105
12029703207
12029700230
12029701470
12029702718
12029700476
12029703554
12029702314
12029700609
12029702564
12029701327
12029702618
12029702986
12029701035
12029701640
12029702226
12029702635
12029701724
12029701631
12029701714
12029703871
12029702323
12029701148
12029700092
12029702828
12029700190
12029701211
12029701506
12029700984
12029701922
12029700129
12029703572
12029700816
12029703399
12029701996
12029700897
12029702492
12029702892
12029703628
12029703735
12029701431
12029703785
12029701997
12029702601
12029702781
12029702711
12029700789
12029703012
12029703152
12029703431
12029700869
12029702235
12029703607
12029704015
12029702984
12029702264
12029702146
12029701860
12029700544
12029703141
12029700014
12029701695
12029703478
12029701982
12029700797
12029703958
12029700308
12029702380
12029700120
12029703081
12029700503
12029702313
12029702534
12029701288
12029701896
12029704009
12029703128
12029701067
12029701798
12029700532
12029702163
12029703950
12029700446
12029701318
12029701933
12029701414
12029701422
12029702779
12029700627
12029703968
12029703517
12029701233
12029701128
12029702084
12029700713
12029701453
12029703305
12029703974
12029701930
12029700569
12029701206
12029701658
12029700414
12029702750
12029703033
12029703031
12029703565
12029703500
12029700036
12029702851
12029703251
12029703025
12029702074
12029700579
12029703448
12029701455
12029700552
12029702845
12029703327
12029701822
12029700533
12029702580
12029701069
12029701892
12029702903
12029703056
12029700359
12029701720
12029700612
12029701556
12029703232
12029702599
12029703097
12029701503
12029701150
12029704030
12029701071
12029700310
12029702932
12029700280
12029701863
12029701926
12029702195
12029702485
12029700896
12029700010
12029700930
12029702475
12029703486
12029703764
12029702456
12029702712
12029703614
12029700450
12029700747
12029700550
12029700694
12029700960
12029702604
12029703119
12029703125
12029703930
12029703368
12029701107
12029700153
12029700066
12029700594
12029701729
12029701811
12029702019
12029703137
12029703711
12029702646
12029701953
12029701442
12029702088
12029701507
12029700429
12029700574
12029701074
12029701904
12029702335
12029702860
12029702983
12029700457
12029701343
12029701963
12029701157
12029701445
12029701957
12029702850
12029700011
12029700411
12029700601
12029701606
12029702724
12029703650
12029703942
12029701292
12029701791
12029703202
12029700002
12029702207
12029702731
12029703578
12029700119
12029701362
12029701428
12029700081
12029700495
12029700790
12029701237
12029702080
12029702977
12029701699
12029700146
12029700778
12029703297
12029702757
12029701466
12029700219
12029702056
12029701552
12029703040
12029702546
12029702027
12029700837
12029701345
12029701450
12029701567
12029701415
12029703583
12029702705
12029704010
12029702622
12029701021
12029701081
12029703343
12029702662
12029701365
12029701861
12029703533
12029703736
12029702370
12029702113
12029700142
12029700522
12029700432
12029702972
12029703931
12029704061
12029700941
12029703684
12029703966
12029702621
12029703142
12029701604
12029700805
12029700192
12029701321
12029703542
12029700330
12029702125
12029702257
12029700908
12029700979
12029700480
12029700549
12029702441
12029703722
12029704077
12029703336
12029701183
12029700260
12029702081
12029702393
12029703403
12029703603
12029703019
12029700365
12029700407
12029701265
12029703487
12029700799
12029703963
12029703793
12029701301
12029700489
12029701052
12029701848
12029702039
12029702863
12029700231
12029700486
12029703646
12029701135
12029700738
12029700372
12029701626
12029702341
12029700944
12029703246
12029703505
12029703853
12029700403
12029702395
12029702893
12029703050
12029701560
12029700027
12029702231
12029701433
12029700761
12029701543
12029703234
12029702060
12029703822
12029702249
12029701535
12029702673
12029700695
12029702168
12029701174
12029703196
12029701026
12029700724
12029703831
12029702093
12029703147
12029703453
12029700673
12029701762
12029702443
12029703847
12029701236
12029700279
12029700681
12029701126
12029702016
12029702118
12029703314
12029703620
12029702318
12029701936
12029702384
12029702057
12029701500
12029702328
12029700483
12029703582
12029703361
12029704040
12029701002
12029701854
12029700448
12029702659
12029701084
12029703543
12029703022
12029703990
12029702939
12029703751
12029703903
12029702891
12029702094
12029702917
12029703721
12029702331
12029701662
12029701954
12029701840
12029701846
12029701973
12029702852
12029703093
12029701104
12029702069
12029703955
12029703707
12029700638
12029701927
12029702447
12029700911
12029700990
12029702955
12029701666
12029702573
12029702315
12029700833
12029701189
12029702574
12029703561
12029700367
12029701929
12029701300
12029701612
12029703588
12029702720
12029700706
12029703170
12029701139
12029703750
12029700224
12029701918
12029700568
12029700498
12029701212
12029703638
12029703733
12029702387
12029702394
12029702793
12029702676
12029701988
12029702300
12029702699
12029700334
12029703609
12029700974
12029703124
12029703144
12029703157
12029703074
12029703076
12029703728
12029701298
12029700736
12029700459
12029701636
12029702887
12029703580
12029701844
12029703947
12029702321
12029700434
12029704069
12029701315
12029702033
12029700266
12029702000
12029704076
12029702181
12029701113
12029703085
12029702281
12029700078
12029702023
12029701048
12029700079
12029703932
12029702814
12029701551
12029700424
12029702631
12029702123
12029702058
12029702096
12029700021
12029700458
12029701009
12029701290
12029701340
12029701425
12029700471
12029701913
12029702018
12029703741
12029703744
12029701799
12029701194
12029703078
12029702378
12029700576
12029702243
12029702138
12029700776
12029703069
12029701376
12029702677
12029702503
12029703425
12029703148
12029700157
12029703700
12029701448
12029703276
12029701761
12029700368
12029702669
12029703313
12029701063
12029702290
12029702595
12029702592
12029701430
12029703316
12029701678
12029703127
12029703161
12029703532
12029703600
12029700647
12029704055
12029703669
12029703632
12029701244
12029702508
12029702923
12029701611
12029703389
12029702421
12029701333
12029700555
12029703319
12029703552
12029700474
12029700685
12029700832
12029700886
12029701698
12029702524
12029702629
12029702284
12029703424
12029703477
12029703706
12029700918
12029701950
12029700834
12029700959
12029701305
12029700916
12029702494
12029702650
12029703289
12029703924
12029701214
12029700410
12029700791
12029703329
12029701493
12029703648
12029701875
12029700945
12029701634
12029702473
12029700123
12029701322
12029701461
12029702909
12029701089
12029701398
12029703880
12029700235
12029700402
12029701293
12029701613
12029700953
12029703038
12029703851
12029702439
12029700806
12029701591
12029702078
12029703662
12029702999
12029703160
12029700690
12029702444
12029703371
12029701268
12029701582
12029703725
12029701533
12029703666
12029702552
12029703938
12029703765
12029701220
12029702203
12029702316
12029700147
12029700329
12029700784
12029702189
12029702391
12029702606
12029701486
12029703418
12029703551
12029701254
12029700204
12029701580
12029703679
12029700775
12029702347
12029702770
12029700029
12029702205
12029702827
12029700505
12029703995
12029700975
12029700978
12029700630
12029700098
12029701278
12029700122
12029703010
12029700447
12029703416
12029700700
12029701823
12029702351
12029703567
12029701872
12029703917
12029700114
12029702569
12029701050
12029702959
12029704050
12029701813
12029700515
12029700623
12029703077
12029700893
12029700513
12029701902
12029702099
12029701568
12029703928
12029702312
12029703967
12029703989
12029702924
12029701900
12029702371
12029701272
12029700817
12029700187
12029700554
12029703908
12029701061
12029701967
12029703023
12029700595
12029701352
12029701785
12029700923
12029701826
12029704066
12029702617
12029701075
12029701256
12029700491
12029702740
12029700393
12029700175
12029703218
12029701228
12029701117
12029700759
12029700177
12029700340
12029701726
12029702530
12029703321
12029703660
12029700003
12029702276
12029701653
12029700401
12029700722
12029700798
12029702960
12029702458
12029702625
12029702919
12029702428
12029703373
12029704005
12029703013
12029701643
12029703252
12029700755
12029700396
12029700439
12029700865
12029703608
12029703754
12029700596
12029703405
12029702748
12029700455
12029701961
12029703911
12029702022
12029701342
12029703902
12029703739
12029701719
12029701562
12029701079
12029702047
12029700640
12029701037
12029701384
12029703044
12029702338
12029703049
12029702327
12029703015
12029703098
12029701792
12029702846
12029704039
12029701163
12029703881
12029703072
12029701426
12029702691
12029701559
12029701369
12029701579
12029702490
12029700625
12029702497
12029700809
12029701637
12029700100
12029701218
12029702425
12029703778
12029703432
12029701512
12029703053
12029700520
12029702820
12029703396
12029701404
12029701494
12029704008
12029700082
12029701649
12029704060
12029703315
12029702671
12029702749
12029703115
12029703912
12029700924
12029701772
12029703164
12029703760
12029700683
12029703291
12029701940
12029700041
12029701524
12029701475
12029701859
12029702363
12029703824
12029702151
12029702572
12029703096
12029703149
12029700502
12029701725
12029700857
12029703783
12029702501
12029702623
12029703555
12029704014
12029703698
12029700058
12029700226
12029701302
12029701440
12029700528
12029703168
12029703387
12029702310
12029703464
12029700586
12029703780
12029703427
12029703328
12029701676
12029700760
12029700872
12029701188
12029700680
12029702270
12029702287
12029703952
12029703131
12029701949
12029702935
12029701550
12029704032
12029702332
12029702484
12029701160
12029700275
12029701816
12029702238
12029703747
12029702963
12029703250
12029701106
12029702112
12029702330
12029702680
12029703226
12029702299
12029702985
12029703094
12029702139
12029703325
12029700947
12029702292
12029703613
12029702522
12029702171
12029702468
12029703114
12029700413
12029700592
12029701685
12029701323
